Name         Age Nat Prs St Tk Ps Sh Sm Ag KAb TAb PAb SAb Gam Sav Ktk Kps Sht Gls Ass  DP Inj Sus Fit
------------------------------------------------------------------------------------------------------
O_Voishtato   24 jap   C 17  3  4  5 42 33 300 300 300 300   0   0   0   0   0   0   0   0   0   0 100
R_Lisht       18 eng   C 15  5  4  5 63 29 300 300 300 300   0   0   0   0   0   0   0   0   0   0 100
C_Eshtodseck  18 aus   R 13  4  3  3 53 33 300 300 300 300   0   0   0   0   0   0   0   0   0   0 100
T_Eryur       27 nig   C  4 17 11 12 31 25 300 300 300 300   0   0   0   0   0   0   0   0   0   0 100
C_Chinhooryo  25 eng   R  3 17  9  7 64 28 300 300 300 300   0   0   0   0   0   0   0   0   0   0 100
D_Yiceny      26 ita   C  3 17 10 10 68 36 300 300 300 300   0   0   0   0   0   0   0   0   0   0 100
C_Eja         19 nor   L  3 16  9  9 53 27 300 300 300 300   0   0   0   0   0   0   0   0   0   0 100
O_Cloartemn   26 eng   C  3 15  9 12 59 23 300 300 300 300   0   0   0   0   0   0   0   0   0   0 100
F_Udna        23 ger   R  5 15  9 11 48 31 300 300 300 300   0   0   0   0   0   0   0   0   0   0 100
I_Nadsasya    29 spa   L  4 15 12 10 59 23 300 300 300 300   0   0   0   0   0   0   0   0   0   0 100
N_Ushagr      23 fra  RC  5 15 12  9 45 30 300 300 300 300   0   0   0   0   0   0   0   0   0   0 100
E_Protyo      23 spa   R  3 14  9 12 60 28 300 300 300 300   0   0   0   0   0   0   0   0   0   0 100
K_Jaezew      25 spa   L  4 14 13  9 56 32 300 300 300 300   0   0   0   0   0   0   0   0   0   0 100
F_Odne        26 eng   L  4 11  7 10 39 25 300 300 300 300   0   0   0   0   0   0   0   0   0   0 100
V_Grusht      24 ger RLC  5 12 18  9 69 36 300 300 300 300   0   0   0   0   0   0   0   0   0   0 100
A_Urte        21 isr   R  4  9 15  9 46 30 300 300 300 300   0   0   0   0   0   0   0   0   0   0 100
N_Noivo       17 aus  RC  4 10 13  8 36 33 300 300 300 300   0   0   0   0   0   0   0   0   0   0 100
Q_Foadsetroa  27 nig   R  4  6 13 10 32 30 300 300 300 300   0   0   0   0   0   0   0   0   0   0 100
N_Drupayi     17 jap   C  4  9 12  9 58 21 300 300 300 300   0   0   0   0   0   0   0   0   0   0 100
A_Loemnert    17 bul   L  4  8 12 10 47 31 300 300 300 300   0   0   0   0   0   0   0   0   0   0 100
T_Chovuf      21 den   R  4  9 12  7 49 33 300 300 300 300   0   0   0   0   0   0   0   0   0   0 100
K_Ashtund     17 fra   C  3  7 12 13 50 27 300 300 300 300   0   0   0   0   0   0   0   0   0   0 100
M_Unyo        28 saf   R  4  9 11  9 37 28 300 300 300 300   0   0   0   0   0   0   0   0   0   0 100
W_Bindu       17 ita   C  4  6 11 14 68 21 300 300 300 300   0   0   0   0   0   0   0   0   0   0 100
Y_Shucke      17 saf   C  5  6 10 11 39 30 300 300 300 300   0   0   0   0   0   0   0   0   0   0 100
B_Ohachusy    29 arg   C  3  9  7 18 56 30 300 300 300 300   0   0   0   0   0   0   0   0   0   0 100
Z_Zoest       19 ita   C  5 11  7 18 28 21 300 300 300 300   0   0   0   0   0   0   0   0   0   0 100
Q_Ronde       23 isr   R  3  9  9 17 73 27 300 300 300 300   0   0   0   0   0   0   0   0   0   0 100
W_Ryowryo     18 spa   C  5  6  6 15 68 30 300 300 300 300   0   0   0   0   0   0   0   0   0   0 100
U_Eputr       28 ger   R  4 11 11 12 70 30 300 300 300 300   0   0   0   0   0   0   0   0   0   0 100

