Name         Age Nat Prs St Tk Ps Sh Sm Ag KAb TAb PAb SAb Gam Sav Ktk Kps Sht Gls Ass  DP Inj Sus Fit
------------------------------------------------------------------------------------------------------
L_Ryili       23 eng  LC 18  4  4  5 50 31 300 300 300 300   0   0   0   0   0   0   0   0   0   0 100
S_Askabtipr   28 jap   R 17  4  3  3 68 24 300 300 300 300   0   0   0   0   0   0   0   0   0   0 100
J_Oskewvuy    22 jap   R 15  5  3  5 39 38 300 300 300 300   0   0   0   0   0   0   0   0   0   0 100
C_Umnablobt   28 aus   R  5 19  8 10 48 23 300 300 300 300   0   0   0   0   0   0   0   0   0   0 100
B_Omo         28 eng  RC  5 19  9  6 59 38 300 300 300 300   0   0   0   0   0   0   0   0   0   0 100
M_Avraeshtab  25 den   C  3 18 11  6 60 25 300 300 300 300   0   0   0   0   0   0   0   0   0   0 100
S_Brarto      24 nig   C  4 16  6 11 64 21 300 300 300 300   0   0   0   0   0   0   0   0   0   0 100
F_Ibto        21 ger  RL  3 15  7  8 34 32 300 300 300 300   0   0   0   0   0   0   0   0   0   0 100
X_Badr        25 aus   R  4 15 10 11 32 30 300 300 300 300   0   0   0   0   0   0   0   0   0   0 100
R_Ihe         20 eng   L  3 15 11 10 47 32 300 300 300 300   0   0   0   0   0   0   0   0   0   0 100
R_Ezochi      24 saf   R  4 15 11  9 28 38 300 300 300 300   0   0   0   0   0   0   0   0   0   0 100
E_Odsebtow    29 bra   C  4 14 12 11 72 38 300 300 300 300   0   0   0   0   0   0   0   0   0   0 100
U_Ukaert      18 hol   L  4 12 11  9 71 39 300 300 300 300   0   0   0   0   0   0   0   0   0   0 100
N_Ebra        17 ger   R  5 11  9 12 43 34 300 300 300 300   0   0   0   0   0   0   0   0   0   0 100
R_Ukanyi      28 isr   L  4  9 17  7 65 25 300 300 300 300   0   0   0   0   0   0   0   0   0   0 100
Z_Enodrewbt   25 ire  LC  4  9 15  7 56 25 300 300 300 300   0   0   0   0   0   0   0   0   0   0 100
V_Ryenu       20 nig   R  4  6 15 10 43 34 300 300 300 300   0   0   0   0   0   0   0   0   0   0 100
D_Dorst       29 nor  RL  3 11 14 14 63 30 300 300 300 300   0   0   0   0   0   0   0   0   0   0 100
A_Akewmnu     23 spa  RL  4  8 13 11 34 33 300 300 300 300   0   0   0   0   0   0   0   0   0   0 100
O_Jhiksoo     28 saf   C  3 12 13  7 32 22 300 300 300 300   0   0   0   0   0   0   0   0   0   0 100
J_Uzow        22 bra   R  4  8 12  9 60 32 300 300 300 300   0   0   0   0   0   0   0   0   0   0 100
M_Krandojh    24 nig   R  3  6 12  7 34 39 300 300 300 300   0   0   0   0   0   0   0   0   0   0 100
J_Luany       19 saf  LC  4 11 12 10 50 33 300 300 300 300   0   0   0   0   0   0   0   0   0   0 100
X_Obaeny      24 bra   C  3 10 12 12 62 30 300 300 300 300   0   0   0   0   0   0   0   0   0   0 100
U_Ijhitroa    17 isr   L  4  9 12 14 27 33 300 300 300 300   0   0   0   0   0   0   0   0   0   0 100
V_Chisi       21 arg   L  4  8  9 18 37 38 300 300 300 300   0   0   0   0   0   0   0   0   0   0 100
D_Donyuzi     24 usa  LC  4 11  8 18 68 35 300 300 300 300   0   0   0   0   0   0   0   0   0   0 100
X_Una         25 fra  RC  5  9  6 15 39 30 300 300 300 300   0   0   0   0   0   0   0   0   0   0 100
P_Ryagretr    18 cam   C  4 11 12 14 33 36 300 300 300 300   0   0   0   0   0   0   0   0   0   0 100
I_Abtibtew    20 jap   C  4  8  7 12 29 30 300 300 300 300   0   0   0   0   0   0   0   0   0   0 100

